ID	MA1	MA4	MA6	MA7	MA13	MA26	MA34	Y5	Y7	Y8	Y9	Y13
9.10_401.3408m/z	456369.7636	424528.7644	203963.5794	884508.1401	495619.7694	482367.5416	372915.1175	1144989.347	1084319.446	674543.7511	607342.3578	1363390.35
8.89_299.2367m/z	15187.81054	18583.98459	16428.16576	11917.53832	26987.25956	21862.67675	29281.90907	52003.96974	43979.72492	83651.30083	108404.3206	69847.09417
5.66_273.1802m/z	103118.1797	190412.017	45848.49487	37225.32602	137204.5654	78395.35443	50193.3589	27646.58996	32995.3337	25607.1938	24126.40563	23605.5672
4.13_162.0680n	235918.7082	256264.0217	156178.2632	217443.5536	234145.5556	317149.9661	323503.7855	218774.7843	196294.5505	170199.4753	159822.1408	182427.0415
7.88_286.2292n	7218.355547	11294.02452	4824.361684	6832.813532	7891.60054	8157.563498	3766.264581	107206.6352	66575.82088	73713.14643	77956.46171	117686.4036
5.93_386.2531m/z	180683.7613	188974.2884	111741.9042	105307.9152	181123.4467	171383.825	167456.5193	92394.31752	93712.32486	138965.3854	102540.1	114481.4399
9.15_317.2107m/z	34670.14901	34844.36557	61745.20685	101264.2789	49434.7477	48102.719	52116.2659	90354.7111	90055.59979	93457.6233	104192.7026	140256.4254
6.65_362.2089n	4781928.834	6968697.864	7298610.391	8235402.252	9307940.611	6837924.583	13810043.8	15670794.23	12346898.94	12626579.95	11801570.01	20255966.11
0.85_168.0290m/z	419677.0204	439457.5884	255319.762	106481.9262	474716.1253	325984.4517	548096.5863	82626.68017	52564.24565	91821.16194	111062.1051	53710.22853
1.35_392.2020m/z	548710.2418	499607.4358	218647.6168	418996.4256	507040.4167	882352.3647	571254.5386	266729.0139	95636.66433	311280.0186	125519.2016	29407.07106
8.59_309.2055m/z	89168.1832	108876.5763	125685.6661	120881.1827	147815.1958	108051.6799	120118.4351	227312.4251	334321.1668	182872.7446	135886.5784	351193.7599
8.51_425.3393m/z	368109.4037	301026.8667	269883.7129	407138.8158	270493.903	242401.8635	346298.8091	208857.1382	146714.3221	158209.9712	129149.3693	192616.1152
4.90_329.2108m/z	88369.24803	125130.951	74784.88553	66934.66213	88670.34243	127101.8733	157998.8049	132210.9196	124340.3129	144992.2104	215356.9276	209370.1708
8.10_425.3405m/z	172904.9616	276768.7512	115860.1097	95748.94162	155742.0056	144812.5365	131292.2962	70801.25178	51648.31244	99964.81397	62026.54445	68831.88264
8.51_459.3464m/z	1519186.073	1904216.546	1457874.358	1704959.436	1836774.975	1564644.519	1787660.648	1006639.978	882749.6604	1024907.957	888608.799	1104186.908
1.49_154.0497m/z	32757.73994	65086.4617	129989.8293	40291.07025	124292.809	68550.64948	151332.3927	291138.2787	386542.4695	141857.2123	131824.9308	213191.4292
1.21_382.1490m/z	911.6148361	1.27646E-06	3679.481252	383.3095088	1.27646E-06	296.9292866	1.27646E-06	27803.63394	164493.7142	57886.05922	85085.77826	50957.37084
0.72_134.0812m/z	119808.2133	82178.06795	158925.0322	78550.35374	123662.0738	128306.0929	163285.3032	181604.4005	175904.0379	138461.9508	301117.5794	195290.2811
7.99_331.2262m/z	1269385.171	851646.6749	1200931.735	974714.3806	2017616.508	761906.1284	1137353.377	1465759.619	1857386.395	1948286.537	1829037.624	2523529.782
2.38_297.1209n	7292229.961	2871838.796	11690431.71	9942218.97	4923644.282	4216612.865	9787239.012	11260118.08	7240180.61	11897113.73	11323998.85	16246651.07
3.88_207.0530n	3927063.18	10110647.56	25937441.66	16459246.36	17118228.56	10765047.21	25578433.2	23646343.49	22820804.61	23674832.9	22525877.44	29664759.66
0.78_164.0472n	5220789.743	3201106.79	5139517.314	5778565.951	3214266.697	2856152.215	4775835.458	5821941.019	4806820.338	5092063.207	6301232.518	8047594.725
7.08_290.2234n	82922.15676	165085.7591	53391.84743	106382.6403	60832.5011	103465.5789	99773.62124	113599.9903	167968.1919	244596.8061	172237.6497	131774.7682
3.40_298.0963m/z	17130.78874	12874.30608	76320.40846	34076.61973	22316.50001	13523.76086	33442.43567	177735.2177	234541.1963	21478.6933	101197.9622	42748.08621
9.05_427.3560m/z	321129.9519	261949.7633	152195.6343	205311.3543	292158.8414	242348.5649	373512.5448	220677.7199	114352.0586	159541.5074	126740.3937	166219.236
9.13_417.3361m/z	107793.6451	96692.29261	81649.27741	106541.0906	89736.01971	121374.546	82534.732	205225.6639	138546.5218	103247.0983	94618.01497	204973.0871
8.16_419.3516m/z	8720.050671	6370.253153	1.27646E-06	33260.81427	6026.686103	14555.40937	7052.535129	115985.4531	49468.9078	17087.43126	48540.38666	76120.73136
9.16_382.3231n	190765.9913	199181.1132	223364.7652	250130.8639	293956.3997	211427.6977	197477.1992	269041.7448	296383.9571	291890.2671	247537.0034	376242.6058
4.24_188.1281m/z	143509.2019	126615.2211	65161.43961	236334.8088	90667.7338	186476.0252	88560.52924	19119.26369	14786.59885	23568.68053	15877.31103	27786.42783
4.62_187.1207n	149476.6919	172170.4516	178172.0256	118650.8429	296699.3651	145495.2922	140867.0902	44327.57589	181766.0713	40280.24813	130782.7904	68948.96393
8.68_299.2001m/z	40328.01365	68370.97983	82685.71773	68066.23705	103014.3275	57883.49688	60257.14448	98883.72228	111634.3094	103212.788	139000.3769	124429.1613
0.68_235.1650m/z	16458.57462	868.8914052	62741.34526	7317.440465	12339.12315	2242.084045	37898.27554	3093.825368	11847.05568	149330.4007	217726.8797	247766.4717
8.48_356.3516m/z	86554.17989	144033.0393	76689.11837	120661.5628	79535.30664	147698.0595	144155.9783	900859.0519	727494.3129	383183.1839	207512.9277	3193.649776
6.83_356.3517m/z	26453.34146	108471.2305	28664.27285	51865.73022	62844.92121	63496.20659	157208.2392	154929.3447	228266.3497	425757.2793	351104.8818	1351.590352
4.60_346.2140n	2088086.972	3469471.218	2351638.016	1716160.358	3226072.312	2393131.548	1918010.156	4372727.957	3155462.21	7733228.959	9911107.83	9584559.793
5.16_363.2163m/z	882273.7505	1306612.196	1430898.903	769820.8928	1558922.14	1214173.16	1690878.651	1529687.914	1926716	1854774.007	1991513.379	2756637.101
6.06_366.2403n	200981.3937	380464.0897	100311.3674	108882.257	145506.972	132412.1345	161044.0946	1797049.097	1190017.305	2853934.794	3616150.443	508782.6846
2.33_190.1072m/z	152926.3712	166471.9197	105397.0873	146982.7778	147867.1113	201425.2771	143036.6616	155273.1944	59881.05419	69658.66165	79154.21935	113877.1666
9.51_337.2368m/z	47381.73662	29838.02867	55541.25521	57759.08246	58478.21432	55541.68861	48050.71565	167242.1989	193473.7152	68035.75982	53012.83456	137523.3882
1.35_127.0503m/z	1045678.904	667577.9758	633936.4227	1032936.508	612474.3011	576239.9631	684113.4823	1770406.243	932604.2194	908262.0205	1378973.611	971581.8362
3.86_295.1140m/z	68967.68139	33462.88549	103710.0211	104984.4568	34831.33715	31417.56817	111435.5432	417868.221	209439.7197	32063.4711	182024.5634	155521.5137
6.94_336.2527m/z	958187.2142	952539.4214	946452.3347	1209904.653	1101590.919	1253694.831	992580.7729	1000701.152	597993.3408	539697.742	523263.6667	854617.7464
5.86_542.3257m/z	69645.71356	57351.77685	74096.45919	50612.01138	82675.71017	75724.46966	79492.19895	107892.1551	129802.1677	178934.9314	164290.0234	92448.19028
6.04_561.3645m/z	116.5631719	1386.05242	1.27646E-06	6489.056639	2312.475424	3151.46659	20527.85467	64735.6169	50610.53939	16252.79615	60950.20208	31586.378
7.36_494.3219m/z	59914.3422	74867.07385	29985.75931	195360.6135	53132.18837	82339.50514	121862.1073	120770.8002	136271.1817	220453.9726	219554.1699	198908.8447
2.99_301.1756m/z	191614.8455	195299.4922	79395.6763	175250.8158	138846.9489	218315.3295	139438.7341	107767.9311	58587.03576	84601.94111	98584.94827	94620.71576
1.61_168.0290m/z	77450.33341	80176.27532	43367.61705	22634.73422	100690.6068	74151.66602	100087.3096	15150.97054	7252.402513	22071.51108	20086.21849	11224.82381
8.45_803.6011m/z	29761.28787	39320.446	5535.366625	8964.774745	12986.54225	2956.676573	38293.76538	145702.5644	208686.4213	262047.1998	297811.2518	217422.3017
7.09_367.2474m/z	221528.9507	177858.6382	102203.5072	252216.2279	73479.11041	231969.4262	195392.3454	240975.7827	247552.8541	439741.3788	376338.519	288286.8003
6.42_367.2477m/z	116286.8464	117559.8081	87948.59885	197167.7454	99310.36425	170598.848	102163.6489	193471.9376	177792.5535	210941.5374	276179.2839	223840.4153
8.89_335.2575m/z	854556.3177	1031294.518	834545.6997	935529.5116	985549.9344	1047709.493	1950130.707	4272778.991	3196481.828	5903587.163	8249938.736	4471351.629
1.45_138.0913m/z	84081.85399	137365.3306	86354.14969	180121.5773	179603.1813	107550.3976	233513.7715	472954.2725	369242.8409	139851.5898	342693.9739	122356.5097
1.17_113.0347m/z	251935.8555	265140.0375	380452.9121	356275.5019	254908.293	317144.0694	275171.5048	591357.3625	386783.3182	336425.3008	430051.0114	490298.3446
3.57_297.1807m/z	846019.1322	852280.7764	718300.4502	776394.4892	765133.6719	1238110.715	1007582.923	597236.9118	559551.5085	691091.1584	653091.1095	777791.4411
7.34_384.2294n	208976.2546	228036.474	130581.8452	33811.08157	209727.7765	210740.3307	238314.6316	20911.67853	16159.4453	49521.82838	16130.68091	35999.03901
5.52_322.2141n	59063.74798	85040.87683	20408.52237	23395.76093	39987.11285	39448.104	32328.80164	288790.8787	185221.8635	468395.2017	845811.1155	391447.2329
2.03_441.1860m/z	105302.3526	20054.67531	32639.36807	79157.91301	29764.80253	87020.0717	214951.0292	458943.9389	147151.7392	124350.7797	229420.6689	269152.4538
6.31_484.2838m/z	153329.7479	160200.7697	169090.2531	176226.6089	146479.1648	180594.6253	207276.6113	290112.5969	305434.7659	280660.2213	251414.7433	214191.399
7.01_875.3580m/z	186018.6699	139706.2755	163190.1434	57005.70969	86563.90409	61053.03685	90964.82693	1.27646E-06	24224.61803	14111.6539	5617.60121	78579.80818
9.12_248.1409n	7338.715295	20551.06304	7195.415572	10379.79112	14316.25956	43244.73452	99790.89628	273294.3572	126207.4717	93106.07136	178828.8312	119934.1521
0.77_230.1860m/z	50910.32848	38955.78687	161270.3884	247464.8572	114863.1337	106593.4094	193948.9754	356309.1001	336027.5852	276748.9797	149402.3109	1048569.644
7.14_260.1409n	117817.8627	280005.084	154472.8405	154197.2289	205915.7925	220084.3749	481397.3858	3000162.44	4097021.234	1684659.412	2261161.775	1797954.383
7.72_469.2942m/z	47399.98009	103677.7424	92356.00916	66465.60179	67292.0229	116192.5609	72727.37585	22759.54208	19737.74567	38684.92967	32823.21171	44763.7261
7.08_306.2190n	676501.844	1030365.856	438622.575	892688.4884	294323.8511	819725.3509	722912.8956	1403694.503	1151543.101	1698100.276	1812193.058	1171653.797
4.78_218.1174m/z	8201.393462	12548.59283	12644.47328	24156.56197	15871.80731	12253.7467	12381.55402	48070.5549	86893.70495	56539.01803	63907.4965	86424.37275
7.93_405.2629m/z	1566597.918	1468773.568	1169517.064	1315762.473	1744520.9	1414107.984	1782133.326	1859731.914	1578684.456	2163477.347	1917643.733	1793912.347
8.72_785.5911m/z	367021.1257	266677.4446	86729.59617	252909.9143	431061.622	114654.5805	144698.9563	16562.27221	46318.60287	23389.3732	11875.94566	90832.44377
2.53_369.1399m/z	21797.52923	10544.9372	4169.931125	5995.450494	3338.102231	26115.32667	18669.23751	193562.3032	18408.66344	128279.7485	28115.53626	113840.3871
7.85_301.2521m/z	13680.91201	38364.12653	3487.650129	7357.183456	22705.85973	11969.11809	9625.032846	39761.59495	29360.53654	78042.76388	147520.632	184796.617
10.24_301.2520m/z	11944.73099	14861.33872	4423.495544	19688.74331	8252.893772	12587.53686	11126.30277	233629.1809	122234.2556	209421.4999	423165.5209	531119.207
3.38_513.3067m/z	705035.213	248707.168	757315.5944	1145642.021	1.27646E-06	1.27646E-06	107771.5079	1608140.731	1510983.219	699975.5678	949377.4798	673245.2581
1.51_256.1167n	398287.9005	384800.598	259454.7748	444026.9155	316874.8351	564009.8811	335742.4056	300072.2776	105524.4207	104471.6245	262185.5494	137372.8878
1.79_254.1383m/z	261789.3291	316691.3198	190379.2703	192260.0631	220230.729	324910.2067	235361.0049	199379.8986	175742.229	157765.8053	180385.2912	193182.9245
4.51_297.2210m/z	15843.79751	105507.6043	27504.42099	99499.67367	127974.8888	8832.790802	162266.1823	116142.3796	68637.23826	171742.5721	327349.705	313636.7769
8.59_391.2113m/z	70628.31828	46590.33726	150888.6461	268061.6799	80358.86268	169129.5545	25784.42824	205480.9857	249574.311	218366.546	179023.441	344505.6276
1.13_183.0754n	66706.94635	46696.35271	130998.6017	97749.82246	88805.77765	60025.34636	90281.54924	166597.4391	122101.9705	276180.6377	243386.9773	163435.9148
2.19_264.1227m/z	29421.56216	35065.18778	12477.88771	45924.94793	38880.74863	61016.02409	35777.20254	123732.4072	244786.205	65908.1203	82663.56671	53864.95271
0.77_160.1330m/z	6927056.197	4646570.01	7465951.649	5602501.171	5989514.132	5972019.061	4937359.605	5688699.831	4521947.866	3876589.856	5172901.668	1384620.314
1.96_173.1645m/z	92626.36842	147385.9638	115269.7755	188494.485	104358.0201	322264.9761	100540.2574	261612.0815	185525.2921	282331.0336	273716.4298	320055.9424
4.94_264.1227m/z	9289.045174	13039.57009	40396.54213	8208.765235	22637.34836	12671.04443	38251.92892	79200.83839	113813.5007	70040.38791	58935.19735	21462.93933
2.00_148.0524n	65788116.8	37249417.54	64008271.57	59575221.19	38217607.55	39275266.31	62979499.83	72174963.98	50956491.51	70673984.6	77054658.01	80003702.46
9.42_293.2470m/z	388607.9249	772290.4746	378383.3013	418135.3026	363431.099	412835.48	249761.9067	43594.09469	79863.60175	301775.0398	216362.6044	121165.9037
3.97_493.2519n	45269.51199	14204.91729	6144.933472	37068.71795	1.27646E-06	6185.858414	15927.12381	205861.8403	173025.1015	244082.072	296316.6966	224210.2864
4.00_388.1634n	193003.3557	293574.9322	40956.65182	165808.0788	232127.9533	157715.7947	207569.5823	19220.44854	49310.34965	77873.89037	188898.2047	105890.6152
4.17_232.1542m/z	58064.31706	40668.12308	54184.81365	54408.20023	61167.84464	34001.55953	79812.82439	93410.12727	104861.8527	109177.29	130100.1252	87835.62678
6.39_248.1278m/z	11834.73902	4077.804984	43289.9457	6673.789914	27412.45898	8573.095415	45024.0234	144509.1977	220218.1179	92266.26769	78194.65955	22207.41389
3.72_319.1508m/z	8273.7682	52058.69094	142844.6452	21514.69707	50639.9152	49957.66652	40107.90548	47729.61102	89660.77291	187286.0896	168222.1301	186754.4557
1.32_300.1913m/z	14695.21074	36014.65547	789005.4179	36987.82103	41502.08941	25958.98922	357540.6415	339703.1595	989192.9211	741519.6131	736519.8422	655936.7718
6.66_530.2779m/z	79048.05055	104238.1975	69001.12658	11783.51863	80886.55701	98459.80016	120045.6769	1649.189046	1249.102101	35319.2942	16617.51827	28695.86965
8.13_491.3357m/z	101197.7657	137546.3589	103951.3713	80220.31712	131951.3691	107277.3354	117651.3768	41941.51036	53071.39507	77235.18931	60911.15394	67598.21881
9.25_302.2606n	3318.187506	4324.577234	1.27646E-06	2505.002551	2433.237409	3131.287191	461.8495325	245477.5039	33745.8705	112338.4152	183705.5417	434392.9552
4.88_211.0964m/z	118038.5244	34309.07648	145694.5794	49268.74027	180446.8591	196816.7483	94908.15097	5992.860034	9348.093749	40566.21456	7810.232716	26927.74943
8.09_231.2103m/z	2542.485542	5216.822709	1373.983365	3767.059698	2867.509321	3214.554531	2403.631334	48365.77525	33265.79518	45598.50051	80127.48832	86577.61746
8.34_598.3365m/z	3021986.832	3180667.384	3946813.123	1707460.327	3062096.905	3755174.316	3526941.297	1319511.84	1333263.532	1646952.274	606608.777	1612934.502
3.71_284.1966m/z	7540.215021	7778.403634	139344.8795	11082.28784	12161.71782	14258.72191	55977.04368	140855.1826	200934.131	256539.7532	193197.6876	168493.2419
8.30_509.2561m/z	6521.828073	22269.79047	6233.352057	14722.1217	51189.57605	1913.006353	74374.02696	88295.60849	73096.02655	110848.8033	168734.4504	212565.14
3.96_251.1751m/z	2817155.448	3202754.907	1938039.796	2675065.383	2780372.273	3434363.28	2007808.629	2405821.605	1121297.82	1939487.17	1894136.435	2246301.679
4.58_300.2643m/z	1.27646E-06	1400.532264	1378.343151	36397.19044	1.27646E-06	1.27646E-06	6913.611118	64806.03371	92649.85425	67612.76875	66338.06015	87840.78862
5.09_303.1796m/z	413664.2852	270591.5385	250021.5192	274458.3264	374577.4816	418010.0024	336201.2972	85028.20733	7124.349534	24370.48611	18885.03552	15547.61309
8.45_350.2451n	1589530.529	4465729.183	1977088.43	1515041.113	2007843.084	1251603.997	2557602.754	48457495.31	29488543.43	41384201.89	90460419.75	24864839.07
8.09_352.2607n	2246455.129	3634100.417	1446554.61	3015501.284	2323102.667	2295306.774	1596677.948	28607727.6	20883498.59	27943075.68	46084406.64	51523239.69
7.88_350.2451n	1638126.814	2151057.002	1168227.71	1804931.767	1440791.129	1493283.615	1210103.986	16518296.86	10804054.77	11908498.74	13508045.81	17202323.71
8.38_356.2709n	40284942.19	29515113.54	21194936.79	26241420.2	33580109.83	24414794.24	27067737.65	17549019.63	18045046.29	11890335.69	8803877.149	16096802.21
7.42_352.2608n	850592.0231	1375885.861	827718.7331	768349.9258	1615816.624	893955.9949	386366.1698	8062702.853	8059144.777	16177773.92	16595864.59	18045128.62
7.27_366.2401n	1663931.356	2110814.376	1288784.075	1459323.42	1441100.407	1474946.889	1763579.242	8881482.469	7407793.573	12791339.58	18065314.83	6203947.581
6.56_386.3259m/z	95571.31311	156840.1216	12638.75693	114468.9767	17147.49487	98833.14769	82309.0655	582123.8121	414297.7415	692486.7015	630348.5839	9241.091535
4.60_764.4702n	42903.93849	126475.194	44223.02764	39737.5193	70772.89957	48668.77461	21549.66867	162918.4521	85138.31702	449629.4942	710718.6995	770686.8561
3.06_934.3253m/z	12533.90342	39175.6154	21535.95555	5371.195469	1.27646E-06	1.27646E-06	54819.03805	338627.581	172479.7225	204403.1179	135317.7485	72603.93704
8.07_316.2398n	286590.4453	437089.8191	217859.8918	292668.426	517271.4389	278180.3799	238693.5667	2464385.674	1808426.989	2577241.758	4073192.251	4667482.047
0.74_378.1757m/z	36557.2846	46043.66167	34824.68489	21328.46921	76647.83877	169109.0837	120842.6369	310876.165	1007246.278	224101.6189	447126.1807	346340.2448
9.60_262.1564n	493523.5615	796689.7733	320137.128	991835.2713	839686.9186	1983624.736	5357026.826	3861367.243	3528535.731	5440519.818	5459249.446	5311561.724
1.22_254.1607m/z	288228.9498	303392.0879	433820.6685	264068.4914	272632.2315	275096.4741	311877.1653	37256.33166	48604.35047	54369.12936	37808.72769	55364.7413
5.90_468.3065m/z	1198160.546	1215453.372	1552974.755	1430308.506	1458592.641	1659364.092	2142114.777	2200846.223	5007778.308	3806725.295	3406386.633	3985267.213
8.89_353.2683m/z	124207.1372	177001.4637	90421.02134	110668.6676	54449.62444	74460.22703	119881.2305	2294649.236	1415472.697	2489735.847	3158912.702	790409.1386
1.13_229.1786n	178248.882	146933.2447	248959.0382	406148.3561	216090.468	157978.6184	268996.2068	784791.3342	555501.8592	365042.0787	199873.782	1085601.728
8.76_432.3234n	1273844.304	1749206.168	283393.2818	1833876.684	1036509.068	1128181.756	684121.9208	3064623.525	3163347.696	1097058.364	2188227.791	6399448.158
6.63_276.1359n	815851.3721	801213.2767	1390429.755	863296.7232	1048758.629	793078.9331	1194475.826	809314.7971	977001.9424	337157.9962	305541.8889	640751.7584
8.45_314.2241n	288372.7957	461394.6205	222533.6263	300033.3174	242287.1517	190005.8499	295671.8669	1839385.268	1278947.278	1701179.245	2752990.516	1346043.833
8.03_474.3339n	4028376.532	5170101.535	3677290.582	2707410.346	4298940.279	3509022.676	3663563.994	2292006.805	2162706.499	2278637.955	1934519.946	2506934.616
5.09_284.1621n	2099048.59	1559069.7	1416046.655	1469874.828	1941337.343	2493125.273	1804064.361	665305.7696	219849.5358	297077.5341	247930.5887	284518.1784
8.89_705.5290m/z	1.27646E-06	6249.686273	1.27646E-06	1.27646E-06	1.27646E-06	1.27646E-06	1.27646E-06	1877356.008	805824.5135	2267163.782	3772091.945	185623.3408
5.65_413.1985m/z	8905.957016	198395.4411	78261.63421	98708.80475	473331.5248	2401.774746	991275.5415	595535.9986	1748996.076	348127.1769	3278222.747	4608096.123
8.57_598.3366m/z	2402472.741	2990025.216	3787721.438	1576261.202	3557270.118	3228619.631	3306637.163	1645585.745	1631549.714	1788037.506	702879.4993	1633669.891
4.63_252.1723n	24658.1364	1420450.414	77485.63971	1017386.95	60529.90501	529422.8201	859188.4307	1974756.042	1834175.589	1199419.086	1845688.343	3087276.823
7.42_316.2400n	245946.4625	333205.9618	217930.4124	149206.0723	507652.7354	264732.7119	237305.414	876637.0198	838773.8867	1977157.07	2093040.063	2352022.664
8.09_291.2313m/z	33652.49841	47208.88246	39677.67283	43026.85692	42583.41108	37741.89948	27625.28824	240547.1805	175737.4007	230367.8058	367048.0029	426317.3795
9.16_250.1565n	69791.04157	90995.80388	121113.5915	230452.6622	110805.482	86714.77125	106478.2228	693639.3048	819385.4601	1656668.063	1386103.086	2845028.659
8.89_317.2472m/z	209393.6617	245660.8309	169467.9187	224374.6191	208200.7534	209355.6733	324757.9347	1249805.676	825704.4063	1575349.128	2006026.036	1310723.029
6.76_289.2158m/z	195448.3365	281721.6238	295201.1895	229484.7888	313437.7568	276440.2641	273986.4324	387909.9182	367213.2458	563650.2295	606051.2436	798796.7231
7.27_331.2263m/z	316815.8538	435862.4701	255567.3664	245320.1266	334421.0085	289545.9209	344704.5298	1325296.945	1026721.961	1669296.242	2173932.488	1071182.763
3.88_161.0476n	175325.7558	906113.2314	3857785.731	1652130.248	1833397.387	902173.9746	3020251.294	3380216.914	3269141.034	2573145.546	3013772.572	4563696.673
7.88_314.2243n	155935.0684	223278.6265	177209.0825	162721.4689	198456.4067	158790.9726	161881.4678	1236420.789	833842.3678	964843.4938	1135434.369	1320971.364
6.84_334.2503n	256962.4074	292456.5634	152055.689	212968.9801	167799.6015	228933.3337	242883.3642	1027993.905	705805.6361	1841005.95	2849503.589	696333.1044
9.51_476.3496n	1234441.292	1402612.487	2005908.32	1105850.176	1625750.832	1231275.136	1312707.551	455804.1299	572502.612	486992.3268	356413.0388	663576.4343
7.08_736.5112n	359498.6956	636476.3445	156339.8267	741090.8996	23326.62471	550738.0704	309164.1378	1296995.805	819602.5938	1809688.876	2099722.787	979117.2087
9.10_646.5010n	1183387.413	2372936.283	3709280.742	1851679.888	2917592.97	3225552.059	4185113.705	1924611.748	1580333.26	906129.2708	325380.7582	2426591.742
1.20_174.1235m/z	1943093.616	2178474.056	2080383.489	1523219.505	2910395.412	2653379.958	1430739.268	1134840.829	728816.6688	1005762.596	1247737.686	1216436.221
8.09_393.2868n	169675.0091	164845.9025	71721.61503	409736.7783	97569.31314	105060.0585	119609.1469	827603.9134	621067.617	788132.5291	1583318.46	1406352.587
0.77_130.0863m/z	578351.1761	602485.9196	2142746.987	926047.1556	703326.2487	399484.017	867569.9578	3873407.566	3596252.804	963535.4583	956265.4595	1838137.52
4.52_257.1987n	2952446.789	2058781.928	2041712.807	1962185.365	2033882.711	2793330.307	2511782.361	2990900.178	2929273.301	3389368.132	3313129.026	3784626.287
6.79_243.1013m/z	143023.0387	155612.0138	303491.5808	463392.3524	375818.2302	163610.0503	860425.0737	1023809.644	1402897.273	1172564.052	863894.4026	1455636.993
6.62_372.3466m/z	205994.7869	422401.7368	88252.66686	347971.3836	133979.0684	360046.0062	409999.5539	1153799.626	1100659.657	2058887.152	1960236.701	29985.09756
6.70_358.2504n	1439400.572	1682828.433	737510.3172	846827.6702	1329233.72	1339248.408	945284.9049	288446.2603	333592.4418	667957.2565	299467.2471	358599.3404
4.74_346.2137n	490885.654	939908.3273	551839.3411	396088.1842	656909.678	622454.8326	583272.9903	993678.5807	717701.0875	1553512.309	2171360.547	1776857.301
1.13_362.2269n	1195439.947	739705.0348	477477.33	869580.5694	682846.4118	1296280.764	430386.2271	759501.2983	352387.3578	324331.02	325326.0335	428893.8758
9.99_457.3308m/z	196509.1209	234681.9169	350321.8148	174427.788	271465.6924	204590.5508	236682.0063	123069.9639	124779.9575	107150.7711	91611.25487	132108.1667
7.30_512.2800n	116356.3595	305273.9226	165867.1602	222056.5266	463002.8762	163652.7785	470667.8002	517566.959	606087.9841	726743.5385	1954197.632	1739532.35
6.86_424.2818n	2372990.765	2496626.59	1206052.182	936258.3391	2830332.472	1855104.097	2178716.387	986900.5001	852120.1376	1428051.051	1026326.123	1109651.089
6.55_430.3159m/z	2038115.947	1835542.489	897260.84	1700987.922	1569646.665	2578927.476	1451009.55	910073.8919	497340.2631	925428.4681	1071254.08	857900.0495
3.91_217.0969m/z	733207.8644	553697.5056	1140557.696	1250241.661	1052136.222	555778.8756	690303.9159	2268097.587	2279780.539	1022475.234	1122158.306	1689521.853
7.08_314.2242n	1269021.371	2370541.149	1041749.62	1704005.67	1143943.257	1541865.781	2018908.227	1913430.986	1787715.785	2921871.077	3236223.914	2309747.763
9.51_512.3939m/z	651055.7059	773958.7293	962717.6749	551623.6716	991046.9534	538314.3282	602781.8122	109940.7044	151275.2581	160754.6678	118557.0057	177562.8913
5.62_468.3065m/z	2727911.932	2462371.567	2520164.469	2988691.775	2329901.836	3046332.515	3390923.101	3342907.591	3738104.571	3716421.554	3504376.515	3128581.981
7.27_457.2114m/z	1.27646E-06	905.3824724	1.27646E-06	1.27646E-06	23391.71132	30989.16648	3602.147277	60186.97606	264499.0443	8465.446585	106810.6195	37070.31633
1.32_400.1456m/z	1.27646E-06	1.27646E-06	109349.6057	1.27646E-06	30745.59609	14213.5856	36994.66986	1049371.673	1419198.319	1.27646E-06	1479072.655	52102.24052
8.82_507.2405m/z	136380.8158	257690.1089	166917.5446	170973.1711	303990.9887	36073.56067	474969.6616	355399.1611	279679.3489	549601.7593	482575.0095	780339.3525
8.10_455.3147m/z	823476.7241	1141533.47	935888.7435	700987.272	987516.5063	855277.9988	859662.4367	654140.7451	601577.2478	727261.8493	604324.3756	746593.1887
5.09_220.1462n	751877.0862	531863.0675	484005.1911	520371.8254	691922.3435	835525.1105	596024.1184	206740.0577	56216.10766	75448.47201	69523.90955	73766.11604
7.23_389.2678m/z	2160614.896	2917561.095	1765203.165	1229422.483	3433634.15	2101992.988	2477379.156	1453162.367	1291925.628	1919439.213	1433384.741	1444503.214
1.11_295.1268n	1092229.758	567653.8137	1438930.701	1290106.004	626081.0297	487411.89	1186123.054	2053712.899	1252810.147	1263784.67	1868274.26	1694432.739
9.58_149.0959m/z	125414.2856	171038.8579	96831.98854	212529.014	191724.0157	383507.7828	998979.7453	766655.5435	677219.6191	993541.273	1014248.526	1016550.333
8.31_437.3008m/z	878401.2499	805954.6403	471485.9568	599406.9879	661283.7525	500183.1966	781707.5806	623288.6629	474966.6778	339448.351	318005.6306	351033.8587
8.45_374.2683m/z	84664.69027	102345.5913	61691.8558	64672.43251	136581.9999	46104.19819	72548.33167	593662.6432	404535.2094	526798.4308	865902.6601	373138.012
5.99_320.1983n	24613.92168	44401.36777	14483.10826	14911.48577	28045.1945	12879.48714	20812.62942	226958.6855	234372.4075	153033.9721	160045.8591	178093.0043
6.72_358.3673m/z	114035.8465	336090.6983	135974.2516	234431.6379	171803.0567	271790.3186	451006.8357	601695.0405	899697.2514	1388879.016	1550751.298	14788.17904
4.14_346.1759m/z	17293.58498	24065.52468	301807.2644	12365.85509	21605.56461	18213.62001	138866.5662	377794.57	877051.842	953634.8837	490841.7332	366180.0943
8.73_459.3465m/z	924284.3658	1317957.554	1096071.998	833605.9291	1215546.142	1030301.631	1098270.003	643830.9004	606065.3446	609959.355	567425.9012	765821.6957
8.40_743.5440m/z	1.27646E-06	37250.10159	2561.337994	1.27646E-06	1.27646E-06	1.27646E-06	1.27646E-06	242215.1029	174823.2197	160135.7531	178154.9322	97801.39387
2.65_229.1181m/z	1131423.827	950246.5695	845052.8782	773634.3288	949740.5386	1248225.576	1222881.686	1211162.596	1438762.939	1746062.373	1920498.999	1244884.888
7.22_259.0961m/z	152007.1593	347092.0374	214241.054	79656.9186	472458.5087	802750.8492	184276.4345	499323.2944	981083.5359	652538.5979	1081797.823	813230.2659
9.91_459.3465m/z	575907.2364	660089.5347	743522.0843	462569.8926	594784.8821	570788.801	525209.9961	270084.632	194390.6359	229279.6091	179069.0642	214013.472
3.39_295.1648m/z	1705197.676	1498110.732	1194336.183	1734639.344	1413899.994	1462749.682	1381503.056	626439.4683	652707.311	1253176.1	1534577.774	772435.1414
4.32_274.1314n	2997031.353	3050788.639	2905218.466	2676010.313	2802812.013	3526592.069	2473714.254	2301513.227	1933482.207	2098159.055	2326769.539	3033545.914
5.52_462.2879m/z	1209829.804	1286200.893	1633578.903	1506635.113	1199723.155	1446285.007	1898722.376	2002604.926	1940178.169	2102194.952	2057589.158	1555625.381
3.61_511.2910m/z	279933.3559	154823.4287	818283.3067	418077.8183	2571.349789	8301.428097	73847.7223	1118414.039	1026333.136	439224.7527	619891.1604	583466.4515
0.77_189.0999n	847814.4568	1026701.032	621385.4689	691653.6442	734357.5826	783064.7246	915383.3094	1770363.832	1430361.519	869623.962	1051514.571	1101224.64
9.58_441.3357m/z	769035.5124	779994.4766	1493958.61	707956.5414	1160411.607	966325.7247	979230.8998	561995.3241	636657.0797	483480.4619	324309.0466	745959.0547
5.62_416.2550m/z	1661.992375	2959.417487	1868.631802	63369.45736	5021.794032	3659.967236	1385.15335	86252.35726	137774.3923	157810.1351	298230.662	224971.8669
6.27_330.1100n	240997.5449	358933.4615	332085.6839	267458.1062	375853.2355	326782.4417	446306.2899	466.7624461	4044.699722	9740.282684	3948.87906	7591.42055
9.05_322.2139n	284481.5181	216721.1289	469872.404	468065.9922	609941.52	410907.0239	269344.3349	1174845.955	1406422.796	466337.6003	303614.1568	1066525.287
6.06_239.1273m/z	58386.33059	50127.66457	152614.2478	115351.8083	89235.84361	81551.00878	80206.95057	344618.7129	235130.3874	120407.9871	157432.1723	172295.2241
8.57_398.3176n	891911.0908	825961.1933	568918.551	850875.8576	1313655.873	766533.162	924277.2101	880044.5217	1253142.229	1292622.059	1510590.512	1698119.184
5.59_466.2910m/z	996909.5437	1026383.265	1106180.91	1171758.823	941331.3325	1270568.33	1425938.014	1256956.657	1622812.277	1659910.591	1597463.442	1503222.747
5.36_481.2784n	262674.045	322698.3275	396254.4892	394042.881	336298.9217	435437.5768	471025.4149	502223.5824	796197.7362	756919.3278	782843.0936	750316.1435
6.06_408.2732m/z	72085.70468	118261.4635	30149.10596	96585.1451	145713.3811	137894.7012	95438.89264	263890.2786	218642.7064	400861.4994	453973.7778	102894.1455
5.09_249.1483m/z	548783.3034	447499.7662	416109.7483	416734.4334	517554.881	682835.0089	501897.298	242613.5963	152364.2931	147699.2108	117712.1628	199979.4722
8.09_452.3496n	930405.6291	715905.4202	452650.6521	1141862.756	1501390.591	792404.8061	751858.2691	1001418.48	1088510.888	1535878.797	1635121.406	1567161.362
8.27_413.3044m/z	295619.0706	725805.9319	399147.9267	365113.559	1129980.635	440207.7109	704381.5157	1047256.892	1782116.588	567723.6955	887464.2403	1127941.592
6.55_514.2834m/z	207146.2453	240147.5646	157267.6312	48363.32533	313747.9224	241733.1595	291680.2953	16788.40937	61017.43654	61505.85927	45875.68394	41141.33462
5.19_369.1687n	420665.7428	397856.8105	321779.3828	419289.9661	408550.9964	215955.9617	288398.5903	119660.2885	145741.3146	312807.5395	350412.3331	199423.7176
0.78_318.1194m/z	241043.1785	107614.9589	199953.8175	401874.8881	96092.08389	67485.26649	220162.1633	462443.3328	264220.2755	280269.9219	447428.123	436022.2315
7.57_376.2608n	627143.7999	862778.7641	509035.6866	287693.6497	897173.9231	669903.2863	647284.9901	162377.2093	199832.6441	391277.1959	314074.7537	312970.1169
0.79_113.0348m/z	287484.4298	303293.0803	518165.7363	483316.8824	478030.2312	392875.708	487656.2707	634393.7915	655213.6877	657704.7026	888582.8342	913602.2236
6.58_452.3115m/z	83032.14441	117980.5322	304614.2807	141348.5357	272863.9878	242235.9416	281336.8798	378754.1041	841324.1355	489939.2563	371081.6205	776237.5638
6.67_367.2477m/z	106461.2286	158636.1916	112678.9934	79984.87491	100549.5539	120278.4128	141917.6974	466509.3704	349577.6357	513044.1099	575186.6586	213116.9467
7.82_285.2574m/z	1734.096985	960.1194151	4327.490973	718.063885	1.27646E-06	1801.37453	3173.031519	100962.2585	26899.14764	103014.4854	257538.1969	355814.432
3.49_254.1018m/z	426136.9343	371282.1125	83630.15229	326780.9733	198376.4749	511559.6107	195780.8356	141328.6067	34905.12313	79453.36542	119572.7424	105383.1952
6.58_442.2909m/z	480526.3337	711008.4333	465375.6391	385770.3916	553131.1619	587701.2987	560057.5101	360097.0383	391747.5257	387932.0548	348513.3804	521099.8818
9.33_442.3441n	980880.0149	1003082.576	1082565.561	1138322.619	1165329.21	1312996.711	1091940.456	973980.4917	775661.1252	1105084.722	770781.1653	940748.0138
7.49_424.2819n	407413.1199	409093.4988	300399.4764	257995.2893	553923.7393	399541.2436	458044.6118	149224.0205	171513.5272	263604.765	301439.964	270889.8845
1.13_176.1279m/z	1082429.448	1151486.472	649834.9111	1137690.141	1032247.324	1307341.397	817527.4559	976752.0033	656479.9696	602327.4127	605691.6588	374173.2834
6.45_458.2526n	7252.273408	24663.25193	176836.5937	7889.776724	126288.7885	23820.03589	117259.2414	297039.0807	246792.6733	375438.1064	325396.7455	440988.1402
6.86_299.2366m/z	62654.51025	147621.7527	33402.79869	29335.17202	78049.84971	38606.50359	124447.3616	103921.3443	118331.1377	144398.024	473096.0145	406909.1746
8.09_416.3284n	405015.3099	364103.7042	244274.9624	480552.5575	715386.8084	417323.1751	389115.3327	594841.6492	746812.3515	639994.755	873362.8495	770743.5148
4.63_240.1724n	10751.45743	282638.728	17024.24304	199711.5445	22571.69018	118349.3753	170734.7815	386686.4218	355484.2913	236021.2813	362547.4589	615238.5928
7.14_296.1853m/z	13023.56364	18277.20154	26361.96396	29930.56615	23124.36682	29061.46032	54147.28193	315611.4108	423764.9324	181374.0992	230893.7816	234057.6942
7.95_403.2475m/z	211302.9993	156210.549	168048.6736	78528.08147	229128.7547	185447.5229	317528.9555	74841.8593	69171.30848	128238.5062	78224.78068	92739.09207
7.91_423.2734m/z	730799.483	769303.3861	688026.306	488916.4069	767631.161	571455.0745	330785.7507	283809.0211	277180.5803	405820.4487	383638.7684	327703.672
11.15_318.2554n	5825.576605	6506.191296	1526.540977	10344.05459	6147.264019	5822.693415	3991.625496	108947.5568	105836.9863	208849.3037	410991.1187	615577.0251
6.11_365.2065m/z	165010.2196	611551.2426	563200.9533	508610.1219	224218.6779	277180.1868	1061069.02	136497.5736	107016.847	131803.9972	216368.8906	85322.82631
8.85_470.3026n	267592.4247	377425.357	327165.1337	306231.5444	446481.8681	384824.7404	262512.2097	88439.80379	93003.84345	120111.7949	88640.37752	133068.1643
9.05_300.2449n	21313.22854	40651.80171	14788.75258	20153.71041	32744.92615	26259.95977	26063.60662	152027.1111	99876.63671	203500.7266	910234.4553	342009.535
9.94_315.1950m/z	87694.33079	88567.30873	124429.3522	285997.3649	89665.69941	209766.4952	73786.38281	403274.2477	409105.364	319447.0162	231183.822	583585.7475
6.86_380.2559n	819965.3511	1042871.795	492986.7481	598348.551	994580.5856	828145.1174	770489.078	444874.3857	416341.7251	629071.6646	463596.608	508120.1122
6.88_416.2556n	271400.1908	339086.4696	191804.7626	324955.5421	600673.2368	314173.4429	413522.5108	130347.0975	171108.4268	219190.2034	154027.8506	241387.8637
6.58_397.2038m/z	6077.743989	19874.72273	5566.09786	42464.45552	25384.89864	4587.838586	76924.62335	66408.17309	210712.1996	93253.31435	964142.1877	421936.8797
8.05_468.2011m/z	1.27646E-06	1.27646E-06	1.27646E-06	1.27646E-06	10004.20718	2500.363046	5715.256979	92297.83283	148223.0617	116210.891	99847.82126	122293.1459
8.78_443.3148m/z	802776.8557	847197.7892	694881.0535	686583.7255	1085122.848	962337.5165	695987.2165	444812.3576	491023.0998	563060.8402	594676.6565	666818.0859
8.14_400.3337n	71312.56281	60118.89111	13070.40824	188380.709	68158.17387	99401.04839	74840.06738	583868.6476	257498.212	129423.4117	252724.0307	411290.8096
3.06_933.8236m/z	15659.99216	55301.95904	40506.37554	26187.86129	1.27646E-06	6095.338602	83770.15226	482472.1736	260247.4133	301610.2884	198856.1672	115247.6592
4.74_319.1649m/z	441006.5851	370699.639	142662.2492	382673.0813	301762.1591	607407.4422	244453.5897	121776.4392	59850.85263	69155.69779	82697.35982	96736.59406
6.97_423.2737m/z	429888.6939	500829.3836	409207.3271	203687.7827	525016.8149	467701.5794	420948.8932	212886.0982	202679.5036	406835.5524	230084.5621	280151.8495
6.95_525.2511m/z	1.27646E-06	24659.24338	15288.52256	43268.69971	52895.72744	1.27646E-06	116943.964	66235.41664	92326.43215	141624.7993	338759.8801	280757.2677
5.93_464.1733m/z	247214.8761	273967.8775	109565.3315	41969.213	175532.0375	264062.1917	252850.124	18421.37219	13723.88254	90699.43536	68874.169	56199.05808
8.02_345.0357m/z	56102.29475	188875.0077	475764.9579	43807.99656	398649.12	228302.6492	296892.7507	464994.3895	329832.4193	530053.4678	677315.9598	581653.9322
6.62_241.1675n	1.27646E-06	259.1505733	1607.95613	205.8743681	1325.106943	304.8175431	201.8848356	1423.473927	807787.0555	659772.5496	398.4835315	262548.6559
7.18_376.2608n	607467.8914	430558.3075	208978.4777	259255.8823	412753.5773	314860.9511	273058.5158	86748.95592	84610.45873	174175.2049	110163.3527	126322.2523
8.76_397.3096m/z	218900.7119	315330.8669	93076.43006	298095.3761	260735.2613	200828.6556	166095.9392	474144.9764	511541.4048	181566.7398	364767.121	998602.8458
8.57_470.3831m/z	771557.5519	612241.2154	344239.4273	497609.8422	882452.5521	443781.4751	524077.7035	644929.9863	883676.0651	814967.8981	919241.659	1079192.299
9.90_314.2242n	48555.81865	53792.17594	37251.13279	40557.58872	73972.03289	60782.96575	45180.65999	146530.6828	105158.4233	162591.6494	270638.4237	151327.9484
7.09_264.1358n	59574.30835	89841.80169	247201.6172	249056.0024	234483.6809	60254.08311	214095.652	453230.4304	624967.573	194110.8405	413533.0291	391935.5002
4.02_344.1482n	15175.74314	56610.33322	25907.34902	12884.15872	47561.90359	25884.88716	19583.93433	88909.95136	83450.27472	94450.00951	61868.41404	43392.43549
7.27_425.2892m/z	777916.1304	1038152.956	554820.9832	404410.9317	1238956.681	744469.6679	996909.0613	422628.8178	436964.4455	590289.1897	528227.3826	599401.5994
8.09_729.5285m/z	3205.669798	45414.75531	3173.386352	13932.97364	20176.57799	12096.01193	1939.799335	161921.3711	119452.1659	147765.1756	34311.91545	176756.8283
7.70_443.3145m/z	420967.2117	394076.3962	272593.1205	440002.4839	588782.8704	429559.114	405949.9904	273264.7415	231738.2042	284148.9168	305380.9463	301311.2067
8.23_262.1565n	319732.9912	186261.5864	132061.3751	306872.7153	162047.6778	206993.6566	351533.9879	513403.2663	502004.4922	316122.107	443274.5609	450610.2326
0.75_290.1342m/z	866993.0533	1020782.063	503295.2214	846053.355	975241.9911	1127621.308	793417.148	795586.199	528743.622	468133.7538	551247.5384	579852.8758
8.37_433.3305m/z	272844.6511	300734.3459	153441.9471	297818.443	324996.2277	298538.5113	303446.4579	361008.2152	299377.8148	537162.425	600685.5512	723166.2845
6.74_452.3114m/z	56127.97007	90594.07039	239188.2627	117859.5156	180467.6254	175817.0814	205482.6015	342696.5282	499837.1349	312292.2717	231335.3045	451103.4423
8.03_439.3198m/z	483401.6465	651052.4262	509691.7715	305307.4082	581879.4195	402520.5482	499322.4083	270977.7689	262633.2775	277149.7131	252763.7278	348065.7136
3.70_179.0946n	90727.60207	74560.03175	163852.6541	111073.9843	106940.0418	63787.99743	125215.4591	343735.1303	435093.6044	260650.6822	297811.1618	186770.6612
8.57_409.2945m/z	169779.8716	263971.5734	130089.8918	69053.07625	335349.3385	147235.9432	245736.8395	111239.5346	74071.33424	113435.1245	64102.15512	95638.41167
8.89_274.2293n	5122.851098	6822.487527	3609.371423	5593.021203	1745.654997	4105.385274	4503.201978	95064.98468	69063.20918	132071.6786	178435.8859	70338.38555
8.57_470.3026n	337644.6851	456984.5051	436536.5787	339073.6058	428514.9467	540442.4232	343714.064	234264.4512	230692.4034	364415.3926	288874.6863	288643.1348
8.19_266.1515n	8624.515495	15682.45341	16389.13236	34653.58071	16652.2965	14021.93822	21253.58861	100526.5347	154934.4406	231443.2086	201822.1806	307269.3384
6.39_309.0866m/z	260858.8442	288314.1485	298990.1481	250239.2222	274248.5971	257974.9927	228915.9987	293526.4832	295079.9636	348475.9451	395926.5446	318958.2257
7.92_586.3576m/z	75964.21274	60639.13416	95758.60393	89776.26025	77271.70457	65762.80054	135375.8392	258377.7031	240193.7715	301363.15	251412.3415	220590.7267
7.57_340.2402n	355655.6557	479934.8936	296733.1342	163877.7939	528135.3811	406594.499	395289.8709	92646.12635	95092.96416	253624.7652	192428.0057	196415.8692
3.70_240.1107n	113677.4266	159571.0225	200708.1101	105612.1017	160193.4588	154611.856	180075.1493	389698.3909	475080.6907	304689.8801	310451.5492	235416.3495
8.07_497.2919m/z	53245.38998	136610.0982	105193.8899	106789.3514	218894.6481	30966.35368	234421.3806	168018.0479	188609.2042	295815.2909	590132.4961	519268.9211
9.02_395.2792m/z	48734.41392	31493.16294	30050.59853	38648.64934	39158.20911	33100.45532	35981.13721	182876.4362	120190.2291	176033.6367	283117.9488	233452.8038
9.00_445.3307m/z	336429.3422	337106.4402	245186.6713	335186.2148	531053.8692	327777.4646	348418.7211	208144.5715	227986.2083	245341.9144	201429.1074	254430.8637
5.80_367.2477m/z	93276.49929	144501.9082	79792.47538	76971.74154	73234.43433	125640.5748	85809.50272	181862.572	181051.1022	323608.8182	372233.5662	293655.3819
2.14_154.0498m/z	29448.99207	119681.9807	280492.2237	125688.0537	150519.9924	156776.4153	233054.8396	431110.0698	486995.5762	334725.2601	197550.4224	352841.754
8.89_415.2837m/z	196726.0629	269451.1231	359050.8498	229366.0861	425048.2994	249317.7395	201506.6024	217667.6595	181555.936	184539.0828	132229.8415	190836.3244
1.53_180.1018m/z	99450.11479	128041.7952	85394.9355	72912.00475	128681.8193	140243.8648	127778.9235	282996.7885	576709.7665	181674.0182	227465.2137	304760.87
6.88_444.2011m/z	261810.9165	92662.08558	59363.21592	225780.2996	20553.27704	102247.2998	96528.25504	13.45322887	1.27646E-06	1.27646E-06	1.27646E-06	1.27646E-06
0.78_314.1233m/z	233783.427	108919.762	346195.6283	346471.5534	155972.5441	154781.2914	281286.9182	428624.9059	367267.3864	358461.3723	374318.0747	594265.8099
6.58_369.2633m/z	66333.9557	94619.29642	75766.16869	58787.6307	62732.4118	75983.96984	68967.5046	219256.6172	174158.058	270708.1776	369999.4217	147734.9087
4.51_412.1915n	57674.51011	166230.605	33629.79283	208658.8362	193372.7946	10639.36275	302927.5768	188435.5864	125740.7856	296149.9804	610376.5035	587144.7543
7.50_439.3176m/z	250306.2494	229661.8291	188667.4833	221802.0113	207211.0042	191888.2111	175980.5022	121701.2391	91008.01461	131822.7911	112127.6246	130306.2307
7.79_298.2294n	40646.45111	142689.5477	29971.88928	37951.44467	71062.66915	54793.55419	59477.47685	182986.2792	156454.3933	155519.1466	256712.6305	403297.008
3.82_341.1705m/z	342370.6756	283193.8588	97309.87394	254652.3744	210110.5762	352500.9752	261742.2917	98438.67141	25594.1606	84932.53966	115203.1876	56856.75716
5.43_411.1830m/z	1.27646E-06	34450.36478	10588.82294	45085.82773	43170.46363	1134.200545	70654.93345	44118.15942	57818.19267	74331.94092	416084.155	223653.5543
9.16_466.3519m/z	81533.22285	106956.4287	26174.41533	77104.30226	92398.49547	69489.807	28109.79973	186965.4478	227154.265	98438.95049	60322.80483	400725.0628
2.40_313.1391m/z	134035.743	187658.5912	49886.32978	145134.7705	88831.7262	188751.366	143070.0105	81457.57289	26009.50529	35766.1129	59654.76295	46415.49327
7.71_397.3093m/z	216556.9115	346211.973	262214.3589	254794.1297	384807.8313	301251.7882	235172.8725	180212.9684	193701.9266	167836.2464	201111.3922	255955.1527
5.71_369.2632m/z	25175.14032	20649.06338	8811.952496	13253.21303	8143.87555	8074.737281	11253.85045	143159.1051	55494.40926	123767.1783	104830.1944	77100.31658
6.95_367.2476m/z	147352.5679	145585.1904	109749.349	105652.8265	89617.72644	119616.0227	150265.9781	290432.4401	205013.5929	333744.6825	309297.2022	211251.2015
8.61_426.3490n	219922.132	244187.1819	81986.86842	89936.82287	205541.6427	149188.1501	239219.4065	49941.00295	44199.19978	86469.32012	73941.86301	72645.13714
8.76_261.1482m/z	9111.935358	10165.71969	18453.26838	31366.85878	13885.54981	10309.99276	26366.89146	54641.81317	66293.07002	74554.73233	89476.61127	91182.87474
7.86_727.4745m/z	90903.05499	121437.6638	125666.5714	100452.941	122725.1534	141853.5691	207549.8722	24576.79173	19038.83358	64015.70892	26584.37848	51253.90458
1.13_260.1237m/z	261613.736	311007.5776	151627.7058	200139.2459	235078.8617	275665.5523	283457.2713	194277.8685	150613.129	109921.1616	136602.8247	203704.6543
6.41_510.3189m/z	241526.5737	234803.2331	185377.8579	311686.1568	191505.2391	215546.6685	229233.8706	337779.2806	266983.2545	346472.03	423756.399	203305.2936
7.49_490.2905m/z	74058.2555	170140.4234	309801.5095	116004.273	163059.3601	165914.9088	225158.5535	465307.5397	491022.3923	254315.0968	616399.8	76169.52641
8.93_429.3358m/z	380387.2406	398197.3955	295142.7568	653655.6435	709314.8809	473650.8221	579668.1676	312136.7909	278745.1738	310260.1175	300127.1666	332952.8709
6.24_196.1097n	152596.5425	191848.5677	264022.6249	154983.2475	203194.9865	207592.0768	272208.5812	579438.0474	616014.7095	304682.6465	264175.7542	220483.1976
4.58_498.2803m/z	527715.4148	615944.0679	484642.4564	670995.0816	448833.7599	707066.9121	670012.6937	706197.768	676225.3801	759858.0017	731265.9502	650168.3979
8.75_455.3149m/z	385355.4501	567059.4965	459668.0615	266817.7953	602286.5585	317327.6972	328556.0478	232285.2654	217959.8278	269554.6167	267205.0358	266907.8131
7.70_449.3249m/z	137605.6615	169983.7638	173163.49	137248.0468	239094.2763	184804.4885	143422.0037	233988.2669	162348.057	239216.8551	200674.8929	324235.597
5.09_222.1618n	120119.2253	90945.6352	71736.501	96685.61717	102768.8148	150655.5483	107966.3325	33303.12196	7539.925477	13023.36479	37830.90864	13055.06968
3.99_262.1648m/z	344962.6408	331610.6582	160891.1507	546755.0187	292813.6073	315150.1409	234419.2938	156312.4039	145847.2229	144134.6403	175392.7693	110764.5861
1.64_296.1492m/z	150013.6779	234141.6803	86478.72605	107997.4525	128159.3217	228556.2065	138964.239	263858.4815	513000.5107	179155.4107	222435.7155	225168.7437
5.09_159.1167m/z	168507.6486	115535.832	104687.2598	109995.0144	145372.0611	185427.014	131175.0492	39903.85818	4306.897491	12807.47471	9831.612182	8569.362366
8.85_524.3586m/z	152033.4604	221146.9636	182850.6386	167518.9289	268483.3172	191622.8623	121503.6004	53989.50716	53062.84569	51074.67879	49055.91356	88482.7145
7.61_462.3204m/z	72873.93458	90908.3406	68258.08666	168244.567	218442.5238	151962.86	171659.2155	44577.91624	34570.13503	43241.6616	22993.52232	39625.05797
8.09_274.2292n	6975.960296	11236.28795	2510.539333	7052.262119	6983.157113	7490.175082	4982.741349	99789.74767	65778.22466	101517.5176	167245.1648	200415.223
6.93_334.2736m/z	55458.45869	80264.39518	25182.1499	90875.85232	42883.38929	67671.47314	78545.72651	191038.1721	163636.2486	286967.0042	212447.0406	11085.50431
8.38_449.3256m/z	67735.72005	121203.0029	40986.688	110113.2321	81796.337	58092.68667	45360.62342	450218.1587	242544.7093	59929.61935	85239.03853	333751.4054
6.25_367.2475m/z	221050.4271	188911.9071	183908.5229	134553.2297	190708.3482	184172.344	186390.6142	208629.9604	214503.99	322319.6658	266154.6077	440743.2668
5.45_369.2632m/z	16627.71074	17724.98331	11843.59208	11478.24357	10247.59999	16686.55261	11825.49878	93249.25221	41597.31787	100642.5778	152148.6798	78658.1794
9.90_374.2688m/z	2325.8749	3257.928042	3814.652568	3358.034133	6392.039047	3234.19115	3551.814538	103529.606	68918.56788	118453.834	198054.9615	110297.4068
7.65_342.2551n	287953.1257	379041.7784	410004.55	423286.4447	587684.4882	393472.7101	269847.1842	265376.5114	228739.811	293373.0247	208597.4968	216074.0976
8.09_761.5546m/z	3942.533284	18025.5493	1.27646E-06	1.27646E-06	11735.9764	1625.401123	1.27646E-06	72785.41294	26761.16771	95439.92367	108456.2742	99341.51125
3.64_326.1707m/z	225117.3096	194689.3206	149091.0499	153332.7654	195394.0473	264526.4614	242236.8626	233985.8379	280332.68	315568.1591	317901.0713	234571.2779
1.57_240.1228m/z	65421.66827	86571.85584	52863.51964	64230.95637	65899.75176	85304.7981	77207.69604	128416.6056	188227.9914	94122.05726	143303.8745	108824.0382
5.85_547.3486m/z	16735.9562	55977.05924	54994.04726	12584.27927	34439.24204	67969.55652	119357.9293	220202.5867	222687.4955	83592.58128	305979.3495	108991.9128
9.79_392.2556n	61816.57143	28401.91498	45514.13393	39772.98399	44342.51726	36195.28597	36846.77539	205077.5945	127203.6845	116761.9482	555097.843	59082.71553
9.55_261.1481m/z	3712.729737	4832.464804	3240.8911	4760.353742	8303.887457	14290.47511	25931.88529	58734.92396	80643.36398	206131.1898	68407.34429	85404.01356
6.25_308.2217m/z	227991.0054	212108.1279	230253.3181	297437.7945	252051.2958	241318.0353	240053.3517	263331.759	325662.3669	281339.5011	260539.6637	357954.4053
2.97_472.2399m/z	189790.1815	130584.158	164058.5943	125957.4228	72409.47065	118335.7325	79733.33738	309197.8591	183907.5063	223155.5057	273763.1163	124077.0914
8.65_445.3307m/z	248426.3049	377923.7912	275577.2571	242246.2974	399062.9777	255785.8783	270486.7718	168304.1848	161430.2515	163590.9503	173224.8394	185338.0897
8.76_484.3625m/z	198646.6633	236645.1808	72729.80823	102164.1183	252015.1582	152003.3696	112298.4115	221078.8078	201528.6349	387034.3172	180720.5864	372242.8773
8.10_460.3547n	272572.427	425576.9816	103989.708	112563.5619	221698.0602	185817.9334	150719.2141	80034.62023	58858.76703	101705.3503	62028.96907	71743.21585
3.15_312.1440m/z	398191.2385	259569.605	103112.1339	401044.049	200238.9533	334478.7768	132486.3928	140501.9053	71028.8501	87199.39473	115737.6555	91525.77394
9.07_340.2608n	307170.3941	183708.6272	275622.599	393349.8163	207250.012	299515.7469	284584.3329	402209.7293	410456.9215	270417.8331	345743.0732	472060.0184
6.70_200.1643n	256712.7593	397227.0221	415319.277	454023.032	204220.0412	294614.0328	450425.7483	585723.8293	700624.213	418237.8421	498069.3338	375161.8868
7.25_471.3094m/z	170360.3406	308400.0286	156775.7142	142485.3743	327804.4622	130852.009	122713.37	66446.93652	60666.49253	133114.415	96934.89776	101522.9835
7.67_475.3412m/z	521349.5165	823234.1593	606356.377	495630.0081	746377.724	577539.0463	606035.0948	411501.026	414549.2287	480908.1094	508420.0764	556245.4704
5.79_229.1676n	243320.3112	299827.4301	583244.0553	341582.0585	317129.325	295915.2341	492666.2264	456592.5176	550651.7954	634335.7264	512958.5026	498650.9777
5.99_529.3591m/z	126060.0473	74168.84243	31434.72716	131507.3726	112726.9465	69652.68239	1.27646E-06	1.27646E-06	1.27646E-06	37454.50364	6558.470189	1.27646E-06
5.61_280.1904m/z	44322.35604	50955.79446	68406.16149	123520.7131	60508.15176	68427.3035	50922.79571	171802.4805	183684.0762	84387.35526	136274.4643	144009.1082
7.65_499.3072m/z	82.37939849	7140.253955	5179.324795	5369.927752	1358.928671	1.27646E-06	25074.36232	38440.3253	26063.94523	73176.60313	164940.4891	135173.4583
10.00_410.2320m/z	43919.63373	39007.27298	86318.87555	150297.9565	53430.44912	82844.45875	80985.89157	141240.8094	180497.5897	196200.3038	143171.7277	316275.3138
6.74_370.3309m/z	22410.03092	52579.50599	11585.22243	34044.80382	17208.82508	44214.23905	56400.35795	158493.7632	147144.9505	309574.3893	226934.5442	1.27646E-06
5.51_286.2374m/z	293737.7453	151872.3487	199612.7894	184727.6851	191113.2463	242597.6958	231208.12	341682.4236	349288.7271	303402.115	305383.1454	312915.5104
9.19_352.2840m/z	23298.06924	28774.52396	10427.07146	19838.37394	15461.86858	21282.42597	13928.11149	34952.54817	36002.75038	71573.17193	113855.8865	140956.5776
10.26_431.3138m/z	133606.2597	173580.6673	221450.5431	190153.5464	349654.5353	215766.4861	252066.7531	272740.738	508434.8583	375417.4426	156138.7985	602737.9115
7.71_468.3438n	297766.4381	448202.0852	398936.8355	287076.0859	442978.8931	426661.4743	271782.2209	200823.1826	204754.5984	208161.6775	230913.4823	341497.5419
2.03_166.1549m/z	237892.1921	138559.0498	225830.8931	221804.0618	127489.5824	137030.6197	222983.3426	267235.4754	188336.5367	269407.9553	315079.3566	344863.2416
8.75_466.3350m/z	101768.4641	217111.8078	92518.17237	59437.91008	226719.8023	184675.8129	61813.53688	26295.8974	29510.57536	89905.67731	27282.66693	36678.87063
4.60_349.2278m/z	64021.07384	81619.10975	63660.75295	46724.12987	91229.00545	67511.1048	49708.05177	108226.7167	88364.15186	191744.9374	251961.9869	243386.0337
8.62_324.2448n	72501.08189	261421.0199	291307.4078	124135.1045	464654.7406	191249.9034	216689.7172	57374.47217	100336.0006	134962.2221	84060.79397	95164.54802
4.52_419.2495m/z	137648.6623	119757.4799	74498.946	130487.9118	187331.8281	62641.97703	268624.0979	48197.78775	94567.41368	23944.97655	38438.82404	46640.79178
9.33_417.3362m/z	56861.74899	60903.26329	48952.49563	84430.08741	137338.4837	94682.07872	71156.75084	113920.4221	151489.8618	166845.062	110854.3494	155682.9791
7.86_471.3099m/z	149354.6205	212961.3693	160290.8941	158236.1027	225052.5347	186267.5766	183564.9857	81135.61706	69369.78293	103843.3676	89486.96209	88423.13068
5.37_376.2609n	161985.7959	119439.1476	118404.6691	86345.30245	109963.2597	171626.7546	60244.67664	40926.96798	41934.75409	49365.23108	39222.92076	46320.72663
8.52_567.3055m/z	60351.23949	55040.33015	33241.39995	41963.26539	24034.00893	104387.9587	75390.28289	1193.942418	4421.407461	28150.22239	4345.382445	16069.09333
6.24_673.2888m/z	264665.8486	217425.7114	81934.30552	83719.37677	277887.3549	345920.0468	340999.7729	7902.35341	15401.96348	244962.3895	94152.16182	70913.79618
6.09_277.1430m/z	113162.2635	72197.93159	136252.6212	80542.97514	129888.5919	108353.5283	180974.6718	71167.39715	62465.69451	31710.29815	24403.77962	38192.11399
5.02_397.3058m/z	209387.8279	174266.0835	153882.1481	148041.8946	159269.376	224463.5291	299662.8683	116453.4606	88659.15826	136881.2856	98073.73283	147049.0364
9.25_449.3256m/z	195471.129	289271.1661	192085.9302	228481.2985	292472.1529	222462.4189	161385.4819	378400.0067	465845.4958	236416.8429	204340.7915	517230.9761
2.01_253.1543m/z	522015.2895	584272.1565	560430.0306	429323.3116	536204.4802	713858.0438	531706.8687	422308.6085	387723.7842	439200.1733	428308.0459	568861.8102
1.81_362.1593m/z	162428.022	232624.2564	173424.2486	137052.6462	194568.9739	280579.842	187176.1524	220314.093	314968.5617	272878.0721	250820.0122	325222.186
8.65_427.3201m/z	167335.0253	246520.2577	212792.5595	165734.2032	235562.5555	203699.5917	207376.1306	122386.2097	95622.25108	110899.2252	114996.6174	120462.8521
9.90_412.2478m/z	7209.188188	10187.152	32257.96291	33952.86172	10633.56124	23228.02836	4110.64863	89659.85172	80148.58294	33099.5429	48544.64224	83109.06945
8.45_489.2252m/z	1.27646E-06	5264.644227	1.27646E-06	1.27646E-06	1.27646E-06	1.27646E-06	1.27646E-06	51190.49217	47299.26996	38752.36149	75639.22247	21537.1415
3.56_285.1555m/z	126942.0604	106467.0809	60103.89018	101705.845	79265.92444	184315.7044	94608.83715	33156.82743	19358.92439	32812.60171	37248.72502	43041.07417
4.73_232.1905m/z	455248.8425	533360.7744	302312.2119	513351.3809	507578.6091	652912.3082	456433.7266	536754.5024	329934.5365	237454.8891	257584.7349	305989.8852
3.29_527.1867m/z	117656.4503	133799.9607	109745.6312	52377.49511	112841.6428	141526.3696	202242.4095	118060.0859	150565.2138	270552.3264	266093.9848	251677.8344
8.09_149.1324m/z	11964.77469	15785.31434	11161.02736	14210.59262	14934.27377	12136.99177	12826.60444	58805.5402	47610.87372	55190.56073	96642.10896	105546.9998
4.73_260.1854m/z	112832.3068	152644.8345	71703.80561	157465.9827	121295.9265	165770.4654	93786.98152	90498.12722	29012.24736	29873.4896	60558.96604	56176.9809
6.88_534.3420m/z	47457.99891	61740.93299	47851.0759	108931.4389	124000.534	98022.66201	131526.9722	12677.46048	19135.27819	28592.01206	23879.75926	11769.77368
9.07_445.3672m/z	215879.527	214484.9862	123497.7929	121343.822	238033.9816	195591.7846	297446.2066	88537.90662	62069.06955	115787.472	90446.4487	114231.5853
7.01_426.2976n	208757.3122	213372.8219	184538.8454	123614.8942	195702.3142	230678.6794	211944.9765	111716.1975	101550.5253	156419.5029	127396.5818	133682.4988
8.34_319.1898m/z	144736.7472	125621.2215	72440.11007	185651.5389	177109.5141	126549.1804	110438.663	140200.7447	229492.399	180833.2766	199254.7999	229972.2644
3.04_426.1060m/z	35198.91779	49240.6517	47628.54766	35508.51032	93667.47036	53316.14589	75073.46825	83222.95422	70764.16252	201867.2577	58897.31975	206555.7829
9.29_473.3257m/z	174976.4009	231786.4965	177062.6958	150947.1069	215918.0306	214356.4951	168550.2671	133973.9675	110876.2689	146690.6638	100248.3971	129066.3861
9.00_471.3100m/z	222950.6014	236707.9608	254307.4999	227153.5899	309173.8697	270726.9165	213096.5446	149837.6438	149360.6665	219945.4431	158080.3094	213522.9584
7.88_395.1880m/z	1.27646E-06	2907.439997	1.27646E-06	1.27646E-06	1.27646E-06	386.824241	1301.466432	51153.57058	60631.32102	54350.47391	240033.5827	99651.22399
4.69_375.1914m/z	27290.98117	30914.93438	100400.5321	30711.32397	35757.97654	32726.43252	82590.1245	60943.21117	160992.9728	134179.7802	128727.2046	111638.1426
2.26_268.1176m/z	240179.3434	179796.0403	47981.2354	160441.356	105232.2259	205334.8407	168249.7568	88058.08944	36249.33667	59158.38641	127031.5168	42223.1289
8.07_491.2410m/z	1.27646E-06	810.4905318	904.5786643	1.27646E-06	1.27646E-06	1.27646E-06	1156.25394	36694.95462	27993.64759	37302.24866	37873.84871	65718.04147
3.91_144.0807m/z	82906.56552	71113.26647	137234.872	138909.178	129730.6086	68158.09457	86079.54506	264267.8962	275406.0595	128010.6292	144591.5554	203044.6077
7.01_320.2943m/z	83430.98548	107032.6858	50776.49721	183988.4863	65959.21318	105408.7699	112939.5397	247883.6368	239926.2693	290145.7931	319991.5174	11577.18951
4.14_254.1337n	6466.781634	2464.657794	11664.32599	6367.932111	5095.182982	3011.866689	21593.77565	79801.61076	68463.53913	108505.5744	81222.79611	83552.65871
4.60_286.1924n	34223.36364	57856.56245	39161.16131	34201.41202	62753.27493	40460.78821	31086.78774	82037.04792	56841.55354	146438.6149	200955.205	190009.5549
8.58_359.2937m/z	94874.56109	106832.2305	40447.69941	115867.4906	184997.8649	105287.6719	156564.6859	122128.7067	193028.329	311787.2421	168857.7512	337464.1212
5.43_340.2398n	270021.0128	274555.3023	190901.203	272030.0052	185383.5156	300018.1125	144571.4616	69596.60409	108733.6732	173001.1991	261606.2187	105722.5411
6.69_435.1004m/z	169969.0191	236166.3088	258853.5962	193650.8425	123586.908	171148.5936	236189.3673	293145.0242	391879.9199	195891.6242	260649.4373	276783.0719
7.18_341.2469m/z	124958.9144	110869.7885	45476.68491	54373.47446	113763.731	69988.58989	64124.58623	13044.77221	12436.53271	39229.41897	12660.64906	22023.97509
3.84_317.1261n	238968.3764	263377.7608	154527.2087	184961.3977	223969.9794	356490.0126	266706.801	134989.1102	138797.9671	159497.1061	178658.7398	176939.7102
6.30_330.2635m/z	278133.6775	342755.192	253323.1141	326467.9293	410445.594	309117.365	337694.0022	266849.379	284460.1105	180095.297	166703.0726	216697.562
8.19_424.3049m/z	218896.8464	294883.8084	221464.8663	216217.1713	385538.5548	271878.1454	263018.5858	202030.4039	200563.1818	180018.7066	174625.064	211839.6525
1.53_187.1207n	399315.1229	407294.8488	360659.4763	372410.1263	358358.515	396226.3366	415752.299	508522.9227	516458.0045	412956.6571	429877.9577	413676.6643
8.92_427.3201m/z	471285.5692	477335.2973	405864.9358	590198.1021	717698.6043	529156.1374	557170.519	433141.4546	382247.5301	427900.1258	344187.4265	488976.0088
6.72_307.2264m/z	33522.47647	25419.87746	10435.20127	8139.25155	29554.08933	8733.347524	6462.263608	48460.91185	71204.27042	118153.6539	141812.3047	110200.7773
4.27_289.1181m/z	217706.3729	228471.1103	234428.7564	219741.395	204951.5075	220543.8009	237203.818	295806.6689	264195.3021	244179.8365	323546.0887	233249.4233
8.40_443.3515m/z	92383.83945	117830.2508	112709.1407	97106.2296	119250.7748	89508.79852	115689.582	67447.76237	70172.1332	56002.1369	47448.38206	81928.05862
0.89_144.0654m/z	211253.8483	197103.7628	255932.8599	214095.1605	209846.6492	160099.9139	284362.4648	412340.7772	432158.1823	246728.1085	282071.3199	254119.6835
5.19_273.1231m/z	129611.8366	162752.6503	300335.5274	261008.8113	244878.2725	177364.2593	201137.3892	376335.7925	391279.2432	219080.8683	208411.2503	425324.5194
7.26_455.1265m/z	1.27646E-06	3599.3469	2543.428769	23497.79586	6153.569893	1.27646E-06	1.27646E-06	41794.58817	39039.06866	38543.25527	58452.14746	127527.973
8.59_321.2056m/z	26856.19159	27440.03328	43568.61582	29878.47962	39871.21675	39944.92054	43114.14506	82097.50471	70995.16999	114936.0001	99545.43482	322915.9878
7.99_443.3146m/z	181383.0687	242024.7597	210239.2066	205082.6613	311414.8291	225461.4596	204861.2869	157396.4822	142211.2238	161998.7512	162157.4568	184887.0993
8.81_386.2811n	366055.2722	329611.662	194629.6146	384622.9756	169107.7421	248324.9562	127808.4641	207573.0558	95854.40687	158013.0208	131936.8354	112144.3821
1.49_278.0802m/z	79393.64931	74806.64088	16836.45492	65091.82706	65069.33413	138408.793	63024.05015	6993.276896	6430.05374	4842.82992	5595.01664	5177.247796
12.00_520.4355m/z	5232.742145	1159.165648	2365.706577	49431.82334	10683.7976	32678.38032	1.27646E-06	113185.5478	85764.50649	56145.37361	8298.864303	134462.5298
10.11_326.2452n	132425.1761	187205.291	314441.6345	198763.3172	221534.5899	201730.5968	227348.3266	142477.2021	190071.4928	124962.2644	113987.2267	136335.7842
9.12_642.3086m/z	3203.655176	12615.15401	1.27646E-06	2909.866869	4925.857785	12387.43112	11622.26276	26342.59994	26998.82962	190279.8104	41139.37081	44183.54746
7.61_466.3288n	166874.0042	277997.455	162818.9178	123620.4654	208248.9098	163684.9184	149686.0188	101964.7253	85312.70191	147222.0533	120818.6222	143557.9569
6.39_329.2110m/z	26565.0941	31476.09336	14253.85754	16633.68288	30450.20853	22754.46606	35603.11159	81532.65623	82766.75155	103602.9576	135019.1376	52591.78632
1.82_231.1700m/z	180854.999	66783.66268	122675.7967	116565.2951	55054.87698	73881.82259	153706.5552	175039.1839	160215.482	166837.3027	240641.4546	164568.8168
9.33_446.3391n	361560.0536	340853.5373	260505.8849	539817.8449	439314.0279	406561.5602	374555.1575	366438.8872	261976.8492	221481.7697	212328.9213	303397.2565
8.34_444.2867n	232173.7394	212565.3964	180190.4627	210115.2819	327059.4473	244639.0785	196276.0474	325702.477	305617.1804	275277.2767	278962.5897	397850.8505
8.13_372.3024n	90662.91502	56634.50145	10766.50827	82523.03356	21334.38984	52584.01428	56251.16169	9124.37544	3104.939058	1338.763784	3598.941178	6074.926075
8.12_452.3192m/z	75658.41763	110722.4071	77373.62474	101107.7542	95472.08278	95218.32069	40354.55091	29255.75451	26448.84837	23695.41688	18230.56494	44753.61813
7.49_390.2630m/z	38627.50586	107480.1307	76697.68538	53286.14661	90846.1109	32690.12824	169482.0195	57514.54864	240531.578	136820.3903	214554.4741	266261.1462
7.67_426.3205m/z	184099.9852	220927.8421	221171.9247	178674.78	333389.8468	187366.2404	238032.9118	158207.3423	133138.696	189978.7392	165115.9028	169587.5212
5.47_225.1119m/z	69237.49726	60528.0642	127293.187	102025.9499	78731.55773	70261.21124	65303.73833	221519.233	200510.4106	121174.3526	109911.6813	160820.9143
6.28_522.3419m/z	60931.11581	83831.24484	141792.7269	89143.1027	183634.7432	126765.9066	140666.6369	41200.80131	65667.23442	84072.51596	69093.79799	59855.0666
7.23_443.3149m/z	131921.0951	182412.2022	101355.3412	145156.2676	292814.0642	145228.7845	129348.3422	64581.19336	60296.03792	85626.11341	73985.47677	77751.85772
3.50_527.1868m/z	73813.44927	88683.67043	62082.08544	47466.57901	90694.86211	82114.48376	136247.6774	82772.87048	92265.42714	187640.0092	150400.7315	175613.5995
5.48_341.2323m/z	18818.78383	31224.35925	17729.60204	20505.30134	19478.39954	25391.33042	20515.42503	43879.35838	39742.01686	77461.43329	106728.3953	83344.87815
3.10_232.1542m/z	132371.1378	142811.1026	47193.21432	153199.9966	89143.16994	192683.4837	74031.39639	50690.24893	20287.60588	24244.98902	28988.41227	36566.28337
6.07_484.3086m/z	126895.8074	199518.9547	33367.56234	5110.791278	82033.805	64179.5462	83425.29289	3845.304856	3373.688067	40344.08702	7478.021668	1061.246404
8.99_550.1886m/z	88299.78557	170671.4693	160322.9872	31561.37104	183575.3905	98661.0134	209324.6131	36719.34193	26289.79642	68712.76181	52143.98314	64152.76595
7.30_439.2688m/z	116387.7053	101755.4017	81120.78057	95311.76799	90494.25928	85375.69947	216951.7853	204583.0779	113942.6237	196628.7676	374421.2472	157703.841
6.10_383.1264m/z	28256.24341	15746.62412	60074.88966	38882.0551	62587.95749	35072.64493	62231.35229	186962.2475	217762.9459	45209.22984	32960.09234	92531.78994
3.22_252.1229m/z	131094.0516	110324.6794	40918.48032	102150.1769	62110.06884	152403.0088	47881.00528	54007.10359	32841.29309	31033.76601	27967.48693	40413.20902
8.64_368.2217m/z	60059.75612	53015.07407	156997.0015	120578.6373	69202.02222	120556.8198	49646.6494	184463.9764	184622.0471	121228.3534	102903.8924	172709.1972
8.58_341.2832m/z	18544.10098	10637.67321	5502.734628	21370.72031	30104.0299	21448.85893	25771.25356	33477.77679	51504.93832	101069.4662	56551.25578	106812.1062
7.74_457.2941m/z	103324.7501	140053.6331	113808.6192	128103.0681	166032.2557	145554.3019	161923.8313	77136.92055	57278.0011	81022.82937	85327.75831	73770.39932
7.42_290.2241n	4961.311521	4822.191961	6791.077198	7231.467995	11658.50292	8304.969935	11356.04627	24565.17292	38037.30204	89185.65041	87817.4345	122119.3713
4.04_306.1906m/z	167079.6363	187561.0375	104483.4248	281271.9771	247305.2917	307614.3814	260718.5342	136539.5615	164277.0927	163385.7449	125784.6363	125706.7212
9.26_390.3124n	119532.9515	92995.85759	47398.9566	113955.183	47609.04629	108245.0004	62715.35186	23539.95541	14336.25465	15399.74458	17720.20969	20696.26195
5.41_341.1495m/z	20173.24042	41254.62176	28190.6033	61014.82952	69964.55174	38936.72143	46606.33937	78037.28118	152245.4507	106088.9537	115038.604	105162.6255
6.06_245.1855m/z	4187.466099	725.4135658	1072.771917	2647.761504	818.7236873	1.27646E-06	1.27646E-06	275.0839885	181583.2269	110909.9352	2791.850682	46736.75817
3.43_321.1549m/z	195923.9035	151493.7955	69802.82366	158891.1251	122072.8161	171831.8113	105417.9158	101672.4044	23784.31677	37471.8005	63962.88761	61548.21686
7.68_424.3051m/z	169084.7137	207276.6194	149663.1116	157500.4445	297047.1294	205365.6422	215296.5865	156433.7024	125013.1143	154786.7418	118766.0427	139844.0784
7.49_251.1637m/z	11866.28385	19901.51668	34196.38944	39735.94809	49824.76203	17250.6439	28898.48979	64630.45799	93923.20563	73675.93469	94587.52724	63134.63074
8.51_633.3559m/z	56198.18901	52796.2958	203928.2139	47094.97799	163249.8084	58846.05908	121691.6481	1.27646E-06	2249.238698	22191.93628	57425.62647	43960.87163
7.19_494.3223m/z	58450.86758	60716.2127	24699.92928	112169.8113	59743.15707	57172.30084	60185.75216	85934.29836	87174.17419	130242.2602	139553.9517	134963.1888
9.20_511.2713m/z	1.27646E-06	3166.927457	2206.138871	35.25620492	11298.10075	1580.429429	8723.912462	17539.90182	18857.00117	68133.36088	125302.0358	93166.46658
5.04_291.1159m/z	142281.9137	160597.217	181164.1199	140546.8197	172717.8607	157292.3929	226888.1857	105522.0639	102758.6723	134420.8835	98018.40035	134229.6098
5.87_374.3624m/z	12199.88147	38400.3313	1.27646E-06	33057.33782	6601.030174	14145.5047	38169.03738	63949.97041	65569.99564	173468.3206	137117.8143	1.27646E-06
9.33_458.2895m/z	26.15212725	1568.835218	76.78916653	131.958248	154.0196984	1647.3975	127.8180846	76655.80224	33467.26286	56216.23402	12591.46594	103227.8324
7.79_587.2379m/z	1.27646E-06	1.27646E-06	18993.32366	8969.685495	1.27646E-06	1105.984355	1.27646E-06	26436.25529	19356.17446	22987.15734	62909.61693	145544.2868
8.96_708.3764m/z	65407.93736	59128.46178	75767.84823	75647.69591	137721.9715	75257.96646	124891.8446	195676.3498	197376.5074	139882.9611	123137.8358	122314.5479
6.51_649.2746m/z	120389.4048	161504.6393	231051.8745	118112.1148	194807.2549	69531.56481	94024.58537	24480.01987	78164.13711	21882.2544	17813.07097	151709.2162
5.86_408.2737m/z	106361.0361	125817.7225	85799.88209	133897.6156	179173.0732	204835.1303	163595.2639	67820.51954	71907.02378	90497.9861	89376.35585	87295.88332
9.26_354.2917n	99707.76752	71349.03544	35193.13976	82809.14632	39388.86347	81902.78477	41509.90195	19973.16006	13432.45193	13369.07256	15689.66917	17479.87327
4.02_246.1699m/z	89002.73122	119595.2706	66757.70152	113513.4321	94638.3327	135147.3286	91831.52492	76719.66133	36768.37944	42645.1531	45616.28288	53685.14942
1.45_683.2160m/z	1.27646E-06	1.27646E-06	1.27646E-06	1.27646E-06	1.27646E-06	1.27646E-06	1.27646E-06	114242.8425	64284.73849	15077.74851	68499.84852	3453.00904
0.74_169.0738n	206369.6044	229211.7979	216135.7618	186249.2999	302335.5339	294449.82	328639.8187	268221.2445	341651.8681	372958.5718	360871.0614	311400.1756
8.45_587.2381m/z	1.27646E-06	1.27646E-06	30077.26604	18199.29054	1.27646E-06	1.27646E-06	1.27646E-06	96556.46531	63259.86959	14895.56875	24696.3476	210402.5813
7.63_403.2474m/z	113244.646	106434.6365	78213.48719	56439.4845	131921.4097	97629.96534	128278.4557	44248.49827	37726.00731	74339.90253	57857.74601	56614.66608
6.86_397.2041m/z	874.4803168	4639.040189	8490.282087	1593.213399	9748.332418	509.9633752	36297.73741	33581.90411	30997.92595	27709.53712	190812.7623	149843.6812
10.23_538.3913m/z	95310.61988	166117.3875	121044.2271	80681.86174	184739.48	156809.049	125151.2863	61165.88436	53383.19729	65044.04942	56728.62577	86058.16713
8.83_489.3205m/z	108875.2908	143205.6525	132027.3936	102321.3817	156582.6977	126916.6985	123088.0041	66221.36301	55613.22831	88011.94343	67081.52084	83968.60628
3.60_174.0913m/z	5169.804174	20865.88338	11212.33603	8519.841977	37218.9693	6111.043458	14038.63472	83776.25411	102225.3256	45354.9142	31364.91066	55294.1952
5.85_277.1432m/z	100336.4447	67293.57981	102183.9752	57082.15505	112311.4604	93102.32848	168593.332	62216.07312	55259.6733	35194.9858	36631.71316	44441.21273
5.09_119.0857m/z	76337.16511	58404.01114	49718.68526	53899.81601	71152.14681	86882.64387	60884.46126	24450.79944	8173.061463	10808.33649	10260.66689	9169.871761
2.92_368.1196m/z	563.7409417	1124.732268	50259.57841	28940.57699	4194.186935	15701.07287	23735.88603	68074.66737	94712.83659	50731.54361	37690.27603	82621.20884
8.38_221.1532m/z	139460.5271	103225.4898	71385.21365	94472.60502	118375.1103	89458.64668	98532.70596	65171.18917	71081.23052	47878.41644	38143.62332	65052.73689
8.43_841.6164m/z	7735.229161	13743.45424	1.27646E-06	18747.60156	2911.444785	1.27646E-06	1.27646E-06	62435.54138	44968.82904	20913.57179	59738.80277	46055.30767
6.24_346.1646m/z	82467.77684	99777.20981	51514.81068	112251.9	85074.15347	119542.7258	84609.97752	83126.67851	21762.7433	18775.64176	30501.34199	44135.92006
4.13_254.1265n	265137.9941	158983.0072	150772.4916	184239.6386	145893.5849	183808.5476	182353.566	259416.8108	249799.6075	187659.5161	277695.396	201563.4127
7.67_361.2734m/z	109186.9353	114980.7807	60753.47031	167728.5459	115998.1263	107047.1053	54769.47176	52403.31099	46105.74702	52717.28388	25688.22242	39037.72931
10.17_459.3467m/z	216607.8086	224092.909	257469.5841	180208.6395	257899.5053	298080.8661	228552.0549	245168.8244	171124.6476	146579.4446	107875.6538	211393.6209
7.63_566.3501m/z	85681.95587	113434.5943	74318.0341	29028.69132	129089.4534	90666.70515	159669.9364	20834.25094	13701.68975	31183.64358	43511.07963	51751.27425
10.30_661.5242m/z	11770.87676	64340.5348	152412.2585	39063.13863	19187.18378	61675.89403	24836.5365	987.7227714	1.27646E-06	2218.673791	1.27646E-06	1687.339452
6.30_378.2633m/z	193814.1713	195434.9723	120797.7122	175441.9301	149312.2715	242049.5456	122157.6608	109014.0984	92548.58424	111434.5256	123798.7672	115518.7025
10.06_494.3833m/z	106686.5013	127151.5321	96653.61905	92232.32066	144397.7598	129336.3881	111232.2961	54363.47639	52171.07931	77140.51495	62277.75075	104395.176
4.63_216.1513n	440.6190226	43823.23367	1222.119403	29567.33877	806.9803904	13045.14144	26186.97348	65749.80705	55846.44128	33793.51172	57552.39756	99519.27018
5.09_162.1044n	66016.33936	48691.29144	42859.38518	46412.91332	60912.05541	78685.78463	55190.64225	21936.40185	9406.939964	11144.86362	9346.305158	10758.07898
4.45_391.1859m/z	206145.1272	195361.9627	92275.28478	170915.3362	176195.0571	236220.6337	316392.5982	132372.6934	71638.81596	87120.49037	161626.4341	108318.5155
8.97_425.3041m/z	101074.1221	103600.7349	132846.9694	116359.2003	180899.8346	144135.9897	141390.5512	199179.6198	205237.6323	191033.5426	145885.7417	249087.8458
6.52_385.2367m/z	121536.1634	143446.8437	87929.13255	64302.38309	135165.7182	128712.1382	118945.7774	35793.33043	44857.55224	72757.63624	64617.81946	65656.01728
10.09_301.2521m/z	3090.289366	6765.994744	897.03248	4293.792005	2552.265125	7604.124125	2897.162141	68003.13467	8257.37867	25965.93583	57152.14561	104083.6242
8.41_436.3329n	170894.7873	215287.3053	237350.9492	237349.5147	270235.0787	208548.5672	261848.2275	158915.7197	160902.9492	144150.3978	139694.0959	257526.4079
3.71_824.8086m/z	1.27646E-06	1.27646E-06	1.27646E-06	1.27646E-06	1.27646E-06	1.27646E-06	1.27646E-06	99016.71753	133061.9492	8382.35644	4719.968513	20902.91051
8.14_396.2741m/z	252301.9596	275609.5569	342669.5719	286689.2116	335250.626	298565.877	312024.901	255127.924	268550.4594	214677.3589	215850.4079	277452.8068
6.65_425.2894m/z	204061.3465	189270.4866	109655.639	104603.7853	187727.2804	162963.3323	202023.6144	90838.89869	89490.89993	132008.3467	89804.42252	112065.7533
7.85_401.2682m/z	89062.61644	98099.8323	107969.837	108183.2665	204595.3996	65100.93164	89240.75154	53231.72136	60118.5101	47055.90974	49160.94594	55968.7505
6.70_366.2635m/z	133414.9173	159470.4373	102762.6421	112016.1733	81984.63222	144187.4341	144572.1482	51629.43776	54480.10807	57103.99882	85984.85761	78902.85178
9.23_491.3358m/z	155141.8844	188873.8671	168613.6485	120878.4076	222397.8335	171435.869	174892.5293	101566.7427	96010.87725	129917.6715	89765.84428	139342.4846
7.49_489.3567m/z	200578.0719	260806.3695	274501.8591	244571.4572	268799.0107	247639.3559	267417.0249	155577.6412	145631.865	200177.4004	187476.9325	278841.1339
8.26_569.3324m/z	9.331582099	10859.24355	30000.55883	7.977162684	20864.27424	15216.18416	23805.31773	60152.4243	76767.94559	37014.78735	56393.31365	37342.05863
7.68_235.1689m/z	20145.60416	30623.8741	49773.94677	42839.58555	45375.17654	33294.48155	32449.92418	58836.04584	58723.83141	77647.77852	85740.7159	109868.2069
8.76_378.3516n	94246.54329	107963.0477	101799.2326	106519.1188	119811.3796	98944.69609	108651.4782	148863.4828	133664.9885	136373.8711	131003.2349	274358.1538
8.78_469.2944m/z	42687.34535	96556.31159	110628.7443	46356.82957	72068.55884	83245.4477	51543.57169	25730.15682	17781.00939	30222.36445	15669.04615	17804.69294
9.16_292.1907m/z	1102.837418	1658.521446	2388.321391	6387.745721	2915.634352	2453.130362	2105.112208	25398.16611	31895.78829	66223.983	51758.75776	115665.517
7.25_445.3305m/z	98158.04355	138943.0479	66053.32946	101576.1276	213206.0007	110623.1896	97684.20096	65756.20572	65999.58458	63710.4869	59257.20079	57204.55518